32, 1024, 27, 12, 128, 32, 12, 32, 2, 0, 0, 256, 256, 0, 6, 8, 48
64, 50176, 27, 16, 2592, 32, 8, 48, 2, 0, 0, 256, 256, 0, 4, 12, 48
64, 50176, 576, 8, 3888, 288, 8, 48, 2, 0, 0, 256, 256, 0, 4, 12, 48
128, 12544, 576, 32, 720, 144, 8, 48, 2, 0, 0, 256, 256, 0, 4, 12, 48
128, 12544, 1152, 8, 720, 144, 8, 48, 2, 0, 0, 256, 256, 0, 4, 12, 48
256, 3136, 1152, 5, 192, 1152, 5, 64, 2, 0, 0, 256, 256, 0, 6, 8, 48
256, 3136, 2304, 36, 288, 288, 12, 32, 2, 0, 0, 256, 256, 0, 6, 8, 48
512, 784, 2304, 10, 128, 2304, 5, 64, 2, 0, 0, 256, 256, 0, 12, 4, 48
512, 784, 4608, 8, 96, 2304, 8, 48, 2, 0, 0, 256, 256, 0, 6, 8, 48
512, 196, 4608, 15, 64, 4608, 5, 64, 2, 0, 0, 256, 256, 0, 12, 4, 48
32, 3136, 1152, 5, 192, 1152, 5, 64, 2, 0, 0, 256, 256, 0, 4, 12, 48
32, 784, 1152, 12, 64, 1152, 12, 32, 2, 0, 0, 256, 256, 0, 4, 12, 48
32, 196, 1152, 8, 48, 1152, 8, 48, 2, 0, 0, 256, 256, 0, 6, 8, 48
32, 49, 1152, 8, 48, 1152, 8, 48, 2, 0, 0, 256, 256, 0, 12, 4, 48
64, 1225, 1728, 16, 96, 1728, 8, 48, 2, 0, 0, 256, 256, 0, 4, 12, 48
64, 21609, 288, 16, 960, 288, 8, 48, 2, 0, 0, 256, 256, 0, 4, 12, 48
64, 1225, 2304, 16, 96, 2304, 8, 48, 2, 0, 0, 256, 256, 0, 4, 12, 48
80, 5329, 576, 10, 256, 576, 5, 64, 2, 0, 0, 256, 256, 0, 4, 12, 48
384, 64, 18432, 5, 64, 18432, 5, 64, 2, 0, 0, 256, 256, 0, 12, 4, 48
96, 1225, 864, 24, 96, 864, 12, 32, 2, 0, 0, 256, 256, 0, 4, 12, 48
192, 289, 6912, 16, 48, 2592, 8, 48, 2, 0, 0, 256, 256, 0, 12, 4, 48
64, 1225, 2592, 16, 96, 1296, 8, 48, 2, 0, 0, 256, 256, 0, 4, 12, 48
2048, 2048, 2304, 105, 256, 2304, 5, 64, 2, 0, 0, 256, 256, 0, 6, 8, 48
1024, 1024, 2304, 48, 128, 1152, 12, 32, 2, 0, 0, 256, 256, 0, 6, 8, 48
4096, 4096, 4608, 576, 512, 4608, 12, 32, 2, 0, 0, 256, 256, 0, 6, 8, 48
4096, 4096, 2304, 64, 288, 576, 8, 48, 2, 0, 0, 256, 256, 0, 6, 8, 48
1023, 1024, 2304, 20, 128, 1440, 5, 64, 2, 0, 0, 256, 256, 0, 6, 8, 48
